334.013 26.1301 -3.23361 2.09623
327.272 15.7516 0.19977 2.21616
67.6518 29.2208 -1.52382 1.56758
170.364 17.1692 -1.22021 1.70323
150.712 22.5555 2.04505 1.86465
175.214 13.645 0.743754 2.4308
169.591 21.0523 0.7619 2.3027
163.585 15.0332 1.06571 2.30414
121.619 14.9598 -6.14372 2.42223
164.549 15.1401 1.97219 1.58853
120.017 13.1883 -6.00608 2.53542
96.5313 13.8866 -6.91666 2.3067
250.391 14.0173 3.76388 1.75017
322.611 39.0342 0.909416 1.48046
190.417 -10.6498 10.8717 2.16749
326.462 42.8204 1.96163 2.01907
316.237 32.8279 1.76404 1.06552
45.8344 18.9186 -2.65166 2.3175
72.6002 14.0892 -2.9324 2.08835
34.7238 12.7664 -1.82734 2.35193
